2500 1000 700
603
241
537
893
814
423
772
516
635
196
121
803
635
646
119
210
536
822
735
422
596
611
128
138
213
146
724
780
818
460
490
810
419
550
531
536
587
880
161
115
299
763
122
889
141
851
779
463
367
386
618
612
619
658
574
513
417
173
273
503
405
853
343
826
368
180
651
197
818
227
863
293
768
243
344
364
749
427
286
556
798
391
711
293
763
441
201
420
212
512
138
522
804
486
327
404
545
669
248
783
118
729
285
333
118
550
380
639
382
257
303
299
858
382
435
478
203
824
180
155
261
182
507
454
710
795
342
830
111
740
152
336
415
356
390
508
632
296
269
680
135
386
309
896
226
544
139
181
609
658
389
428
676
752
452
566
405
680
677
707
820
212
199
454
535
827
600
620
175
613
618
300
179
670
626
526
247
270
525
204
663
314
244
193
201
588
428
733
824
379
125
702
356
623
354
569
750
454
777
224
656
570
237
157
379
149
383
890
353
894
339
874
220
761
638
528
640
855
746
810
159
451
710
816
178
226
161
724
535
691
361
670
326
215
101
199
300
546
116
413
600
700
262
205
724
361
433
586
375
215
183
543
336
385
253
387
296
473
147
320
836
552
195
738
284
304
852
811
442
797
491
690
438
186
285
449
321
295
745
836
357
846
130
607
708
806
643
624
460
187
321
379
754
251
329
399
780
645
637
735
379
680
456
761
656
775
154
580
807
430
334
648
849
733
288
523
896
793
423
181
562
572
313
866
255
639
840
226
132
162
887
590
255
138
462
608
751
711
138
852
209
833
645
117
317
188
471
720
635
701
513
263
745
844
195
163
554
133
582
312
816
125
354
541
737
504
786
284
119
368
880
224
720
605
440
370
367
834
484
131
407
684
357
647
395
413
127
590
471
665
376
492
503
620
352
677
873
404
746
546
839
660
198
472
856
440
713
608
426
511
885
133
314
874
526
883
230
593
184
854
157
447
509
143
793
408
860
654
812
770
496
553
821
500
283
107
300
535
620
103
301
259
876
882
475
534
287
500
327
144
810
467
137
767
742
326
263
367
775
871
406
834
598
817
652
856
495
143
784
820
501
775
513
846
487
464
299
132
602
750
360
814
685
510
231
755
483
179
590
164
475
111
203
244
658
779
596
548
644
822
354
506
243
400
723
726
740
441
475
384
858
693
479
375
258
409
746
568
584
587
320
430
752
407
721
272
843
515
328
596
209
754
454
364
355
284
704
887
725
577
830
488
773
656
527
411
501
813
813
753
736
504
481
852
389
594
559
796
630
151
220
106
375
154
219
429
544
449
751
558
390
674
756
551
264
720
118
206
881
615
847
897
846
776
653
712
821
213
309
634
765
156
605
478
433
287
591
415
685
128
472
349
705
858
226
645
728
180
646
205
812
577
169
690
608
885
411
527
473
502
595
285
308
149
189
146
145
359
682
423
690
829
667
170
872
584
203
383
192
358
183
844
687
745
599
626
697
628
337
140
342
534
401
587
201
860
397
385
817
421
849
686
395
412
850
638
159
513
778
776
414
519
232
709
626
266
848
700
265
642
325
792
313
323
425
178
784
595
531
456
692
371
633
737
714
731
747
581
236
794
541
376
356
664
875
269
604
702
208
368
573
193
794
713
290
107
347
660
504
455
636
699
357
684
299
525
445
843
582
154
343
830
306
662
590
851
858
281
258
896
328
271
310
488
727
687
351
775
827
231
511
396
500
606
193
653
353
455
838
366
541
834
179
466
496
419
830
810
865
244
185
476
214
449
888
628
189
668
211
614
232
444
603
611
460
327
811
528
547
738
899
618
550
113
315
491
429
431
687
461
315
544
634
376
246
849
442
476
484
398
758
433
577
405
664
595
495
676
857
310
559
645
505
285
808
375
467
807
366
557
693
832
769
510
870
564
231
299
198
656
354
475
431
757
281
741
122
864
152
323
710
480
798
178
247
571
216
150
310
582
611
287
859
870
177
413
653
445
354
707
630
706
430
838
119
290
332
666
701
736
415
136
726
327
149
840
162
252
806
147
297
534
261
365
306
354
291
239
259
866
204
672
536
163
469
605
203
254
208
770
760
110
204
496
416
132
115
760
700
282
627
796
245
802
489
148
750
480
293
809
139
248
896
867
573
171
680
593
522
394
643
420
519
185
144
703
176
718
760
420
736
860
562
590
785
783
131
674
783
637
345
156
308
849
831
879
342
773
535
730
163
240
841
756
782
442
718
163
666
416
121
291
111
156
653
526
240
449
790
633
581
894
861
824
242
404
104
141
433
175
674
881
832
200
234
684
529
330
411
101
880
365
562
839
158
204
415
259
330
463
465
169
253
407
888
545
407
388
161
704
466
671
470
273
303
682
355
899
374
345
804
691
806
166
405
624
863
299
805
754
141
499
787
765
294
385
120
312
319
576
422
689
374
231
876
458
143
319
290
109
164
696
583
488
201
384
551
223
417
630
844
662
528
561
214
785
878
517
750
322
356
188
246
570
883
452
399
686
522
165
190
658
414
871
586
116
898
568
164
779
288
417
721
766
621
512
156
704
622
534
377
654
465
755
449
198
848
467
312
180
832
548
323
845
893
463
616
512
496
853
791
239
107
325
135
413
329
835
196
893
330
311
510
416
652
572
357
854
180
326
755
403
474
700
647
671
464
739
325
522
225
877
844
279
589
831
678
179
576
605
165
149
376
711
281
750
152
577
547
812
888
316
638
702
591
264
531
545
358
351
644
232
753
662
494
107
444
806
559
586
856
469
554
880
291
524
653
474
356
147
616
410
408
402
616
215
620
123
132
650
863
829
408
745
648
659
139
122
141
853
399
747
275
141
103
634
508
686
778
600
216
730
646
392
235
184
624
871
792
771
633
212
636
117
333
490
258
567
302
217
460
471
868
396
799
379
384
189
772
593
506
631
455
618
232
624
181
430
356
487
806
616
714
399
827
664
701
818
701
520
311
119
679
879
324
165
762
225
133
315
767
851
781
351
437
476
525
365
294
802
132
558
526
354
886
195
555
321
746
739
630
689
181
724
140
573
522
574
728
885
242
122
521
462
706
596
599
400
213
130
172
159
674
681
587
774
501
182
861
532
829
210
108
786
408
250
580
237
661
113
206
554
825
288
198
160
429
283
641
219
171
668
626
217
874
443
675
436
122
148
709
784
537
578
731
149
741
597
765
373
417
134
654
475
104
142
722
115
166
292
710
199
458
179
818
474
416
383
116
659
475
632
720
437
690
414
486
487
473
229
799
407
662
650
881
352
258
239
573
382
116
886
388
420
167
147
286
250
617
829
195
228
567
319
644
422
783
665
109
566
158
788
334
210
894
566
295
326
753
376
853
455
795
353
809
817
523
179
367
442
849
884
385
591
800
176
332
145
395
541
384
789
283
192
443
527
679
268
429
517
392
568
324
554
586
337
589
610
689
257
208
364
816
468
635
505
766
281
335
855
733
352
870
704
320
724
213
670
539
151
232
897
659
524
307
684
885
815
521
443
403
379
401
200
197
575
202
756
343
656
309
874
131
510
182
745
260
850
170
251
792
230
866
731
614
753
825
894
827
246
292
485
840
885
650
592
376
143
552
235
798
119
146
777
457
871
225
379
898
559
168
570
819
503
536
469
322
358
647
110
465
576
367
887
687
437
618
434
196
722
141
551
678
814
787
773
225
811
182
675
165
709
867
566
251
155
817
816
115
256
383
842
192
652
235
158
560
338
104
633
651
725
695
214
177
370
755
614
495
326
320
251
286
456
523
558
365
792
333
608
356
712
416
611
568
208
828
746
575
854
155
306
167
883
182
495
106
545
659
478
313
382
800
126
107
714
699
753
703
212
774
238
800
590
313
857
127
187
767
735
1729
1768
1213
1671
1284
1806
1677
1443
1465
1454
1558
1225
1721
1820
1251
1832
1306
1881
1302
1422
1338
1564
1651
1752
1729
1244
1586
1847
1891
1375
1798
1559
1536
1692
1797
1479
1607
1205
1389
1254
1852
1557
1529
1641
1645
1675
1683
1269
1202
1377
1270
1365
1722
1510
1670
1891
1815
1670
1237
1402
1691
1438
1670
1332
1716
1377
1296
1249
1622
1255
1296
1520
1281
1334
1268
1871
1763
1386
1736
1553
1353
1329
1677
1422
1735
1699
1687
1304
1247
1582
1711
1811
1543
1503
1610
1836
1869
1876
1649
1565
1860
1886
1701
1786
1275
1753
1460
1615
1424
1809
1399
1561
1601
1719
1535
1427
1704
1852
1650
1788
1860
1644
1553
1272
1812
1207
1856
1492
1893
1343
1672
1784
1803
1766
1785
1388
1746
1629
1444
1492
1236
1574
1281
1411
1294
1367
1422
1576
1770
1466
1708
1740
1385
1213
1289
1836
1622
1629
1593
1761
1741
1560
1659
1784
1871
1621
1210
1720
1794
1890
1327
1383
1586
1375
1368
1693
1238
1611
1682
1619
1698
1218
1622
1389
1869
1504
1819
1853
1576
1817
1781
1448
1735
1262
1582
1834
1256
1538
1426
1637
1660
1693
1547
1501
1743
1398
1333
1826
1398
1480
1362
1875
1291
1364
1745
1532
1490
1536
1470
1469
1727
1700
1340
1890
1751
1795
1875
1228
1701
1795
1723
1420
1709
1358
1668
1706
1358
1304
1475
1490
1203
1374
1404
1804
1798
1232
1450
1285
1705
1892
1417
1466
1837
1574
1427
1726
1594
1295
1432
1245
1831
1684
1770
1880
1494
1715
1479
1740
1696
1377
1817
1784
1534
1644
1564
1230
1474
1787
1407
1579
1798
1636
1368
1350
1866
1482
1640
1745
1242
1555
1636
1855
1702
1861
1361
1460
1647
1231
1845
1554
1205
1706
1650
1697
1408
1337
1887
1407
1291
1506
1245
1591
1643
1837
1460
1277
1434
1291
1313
1267
1683
1308
1852
1377
1372
1646
1521
1277
1526
1436
1434
1631
1829
1785
1770
1566
1576
1568
1469
1362
1574
1527
1404
1707
1854
1585
1577
1235
1844
1560
1372
1725
1543
1356
1216
1409
1335
1354
1464
1457
1316
1711
1300
1488
1635
1657
1341
1764
1606
1224
1718
1877
1246
1539
1397
1465
1569
1697
1790
1407
1414
1217
1418
1850
1584
1547
1878
1588
1805
1569
1543
1816
1592
1252
1849
1821
1525
1747
1668
1797
1660
1429
1804
1788
1202
1832
1434
1259
1811
1205
1361
1721
1701
1517
1645
1558
1715
1658
1850
1520
1654
1855
1588
1679
1888
1697
1585
1650
1240
1237
1798
1840
1402
1503
1582
1592
1415
1732
1338
1213
1504
1315
1828
1530
1210
1530
1531
1765
1501
1807
1595
1519
1803
1551
1408
1651
1497
1280
1377
1837
1627
1508
1388
1502
1587
1411
1608
1847
1472
1699
1331
1548
1840
1855
1354
1838
1223
1586
1853
1382
1232
1677
1411
1456
1877
1368
1318
1883
1440
1389
1609
1738
1276
1741
1443
1751
1629
1443
1895
1688
1715
1502
1251
1781
1889
1748
1438
1292
1321
1877
1738
1282
1659
1540
1848
1599
1376
1454
1753
1713
1427
1603
1594
1834
1377
1874
1210
1716
1392
1323
1592
1543
1437
1387
1406
1762
1878
1454
1531
1442
1228
1243
1862
1504
1396
1827
1779
1801
1688
1757
1579
1541
1218
1659
1741
1648
1578
1375
1550
1766
1515
1868
1240
1870
1292
1845
1223
1396
1457
1885
1766
1396
1808
1778
1833
1432
1580
1225
1622
1859
1779
1737
1862
1282
1329
1625
1513
1521
1394
1341
1452
1282
1805
1863
1738
1488
1676
1293
1476
1750
1582
1860
1281
1299
1478
1763
1526
1748
1899
1539
1531
1201
1781
1772
1437
1326
1484
1587
1262
1620
1601
1359
1690
1388
1239
1310
1856
1376
1821
1246
1660
1880
1781
1318
1645
1268
1890
1605
1427
1289
1796
1355
1651
1489
1489
1255
1221
1734
1802
1859
1867
1790
1334
1764
1871
1766
1557
1700
1542
1625
1428
1424
1746
1533
1599
1868
1534
1803
1888
1527
1691
1695
1822
1817
1499
1649
1495
1544
1365
1434
1608
1806
1654
1603
1394
1458
1247
1766
1583
1214
1665
1826
1591
1252
1273
1353
1460
1761
1721
1850
1250
1343
1825
1774
1331
1564
1872
1272
1429
1657
1772
1436
1450
1393
1767
1794
1570
1504
1795
1293
1268
1271
1274
1727
1296
1383
1873
1838
1247
1423
1445
1632
1673
1227
1566
1256
1684
1783
1446
1621
1224
1234
1268
1891
1733
1293
1657
1755
1217
1230
1378
1491
1735
1532
1824
1433
1232
1347
1875
1858
1621
1822
1283
1832
1715
1373
1414
1301
1526
1570
1527
1723
1412
1834
1735
1620
1522
1743
1861
1524
1821
1495
1810
1212
1397
1230
1808
1560
1488
1472
1326
1609
1489
1259
1894
1528
1479
1291
1287
1530
